Order: et, ng, sl, br, zm, lb, ug; marginal, ate, placebo

Overall - IPW

(1.2615825584007823, 0.7881358513357285, 2.239673178241831)
(1.0952117963443726, 0.6712207326143786, 1.9962898220186154)
(1.001438228017328, 0.6217690672148861, 1.6685073770948886)

(2.0129352599518344, 1.4594331796477917, 2.8648385147265323)
(1.6682634497813236, 1.1736382539312953, 2.3608712034368002)
(1.0053170110916558, 0.7124310918443378, 1.3850776717195852)

(1.8559012715033658, 1.3261236506414016, 2.6874559618174514)
(1.6853210803943206, 1.1930957999736844, 2.45436608535502)
(0.9998236535991836, 0.7069646196329054, 1.4015146147825757)

(1.4594456821226864, 1.0841072330752601, 2.02416062601916)
(1.4092277450177413, 1.0402094881390924, 1.9779089925789985)
(1.0043929081417842, 0.758856402992064, 1.3800763380622703)

(1.1161888308678158, 0.8404854961921867, 1.5397389239720527)
(1.0798940270501478, 0.7995884390242237, 1.518160790989443)
(1.0074965827806133, 0.7561925839942175, 1.34770813752487)

(1.7644664313565006, 1.2173524450391107, 2.767267858532843)
(1.3887948528335627, 0.9498539792209856, 2.192650052275407)
(1.0077053102984181, 0.7360584518928068, 1.468068220581916)

(1.624180569778591, 1.288374633561815, 2.112754050398352)
(1.544169075852314, 1.1934453127477063, 1.9979195918361827)
(1.000946448263583, 0.8239600683389197, 1.242397627675398)

Overall - OW

(1.1301404082704267, 0.7042616948027554, 2.0312383531082747)
(1.001612677426752, 0.6307785921121097, 1.731917533650181)

(1.6520309615731565, 1.17940726741118, 2.3345165519691884)
(0.9951385641667956, 0.7065615976329646, 1.3571573247208666)

(1.6830752094804797, 1.1896920852198636, 2.441863062313992)
(0.99856304320375, 0.7132676587237685, 1.397445834551191)

(1.4259743449103275, 1.056760991884463, 1.987214551705023)
(0.9986655816329588, 0.7384295627456902, 1.3456205369735295)

(1.0867690159421397, 0.7973179623970741, 1.5135981115951278)
(1.0039160679093162, 0.755234421967221, 1.368571783247602)

(1.4123218705526075, 0.9588345333371998, 2.2156511938987378)
(1.0030192939063103, 0.7357910089921451, 1.4340721445581246)

(1.5433994323696456, 1.2081754235684776, 2.0013709517335276)
(1.003385827314307, 0.8152174950464601, 1.2107072175418658)

Overlap - OW

(1.1544181052560942, 0.7060285330218119, 2.0920185152202255)
(1.1562941919580538, 0.6964169747756942, 2.1033715717401926)
(0.9953092389026099, 0.6012853659953155, 1.8426112270785873)

(2.0615180415580343, 1.486178897659336, 2.95778190386709)
(1.6821730166267912, 1.2028480139380455, 2.415679701535635)
(1.0061341036194722, 0.7096250880433835, 1.3758771515903565)

(1.8078420227345888, 1.2635025150905432, 2.6611661561278908)
(1.5263015628156507, 1.0475227925622188, 2.233761017920517)
(0.9961272929289618, 0.6932217613542754, 1.3908528177783421)

(1.3835684038530665, 1.0184588979682254, 1.9536642956037953)
(1.3807007513495515, 1.0135427637826524, 1.948679442259843)
(1.004546746647632, 0.7515782072421465, 1.3562433567165455)

(1.1301170773933846, 0.8477421455985453, 1.5702180381986166)
(1.0813408070864803, 0.8064270496741975, 1.5106108678401666)
(1.0077408954829994, 0.7349570586611501, 1.4116441817068595)

(1.6200169635284138, 1.1131171460771165, 2.609730050906521)
(1.4084655428828272, 0.9627659937307741, 2.2642343133280587)
(1.0009778214302223, 0.7060684812763961, 1.487816638734622)

(1.6513597246127367, 1.292047434816371, 2.153868079289132)
(1.5542475974797834, 1.20644893646223, 2.0322160123349624)
(0.9956148884216393, 0.8109117482161315, 1.2582752834759428)

Overlap - IPW

(1.1155743968685758, 0.6696093356374816, 2.1260166984970392)
(1.003299482909937, 0.6202785291271454, 1.7534528653603667)

(1.7069004353417283, 1.2149543068343855, 2.4534383711856944)
(0.9844602846845896, 0.7172639982274618, 1.4065654069150488)

(1.523297731811502, 1.0521944295041274, 2.2286114123433745)
(0.9989117205952441, 0.7033827807493751, 1.4170797057909161)

(1.3731720917808712, 1.007408204557554, 1.9545204183737812)
(1.0076770409764617, 0.7500647269921501, 1.3574218561129363)

(1.0817818202752159, 0.8068851421064936, 1.5083546845763867)
(1.0057471038764283, 0.7645246230670124, 1.3795033405357544)

(1.3875746763069423, 0.9383878428173168, 2.3457363361237915)
(1.0101873720800512, 0.7111959470307184, 1.4773049933937685)

(1.5369469401875526, 1.196721982677443, 2.013683439178313)
(0.9944211853839431, 0.815528886584866, 1.2634211181537094)